1e+00 1e+00 0.1
1e+00 1e+00 0.3
1e+00 1e+00 0.5
1e+00 1e+00 0.7
1e+00 1e+00 0.9
1e+00 1e-01 0.1
1e+00 1e-01 0.3
1e+00 1e-01 0.5
1e+00 1e-01 0.7
1e+00 1e-01 0.9
1e+00 1e-02 0.1
1e+00 1e-02 0.3
1e+00 1e-02 0.5
1e+00 1e-02 0.7
1e+00 1e-02 0.9
1e-01 1e+00 0.1
1e-01 1e+00 0.3
1e-01 1e+00 0.5
1e-01 1e+00 0.7
1e-01 1e+00 0.9
1e-01 1e-01 0.1
1e-01 1e-01 0.3
1e-01 1e-01 0.5
1e-01 1e-01 0.7
1e-01 1e-01 0.9
1e-01 1e-02 0.1
1e-01 1e-02 0.3
1e-01 1e-02 0.5
1e-01 1e-02 0.7
1e-01 1e-02 0.9
1e-02 1e+00 0.1
1e-02 1e+00 0.3
1e-02 1e+00 0.5
1e-02 1e+00 0.7
1e-02 1e+00 0.9
1e-02 1e-01 0.1
1e-02 1e-01 0.3
1e-02 1e-01 0.5
1e-02 1e-01 0.7
1e-02 1e-01 0.9
1e-02 1e-02 0.1
1e-02 1e-02 0.3
1e-02 1e-02 0.5
1e-02 1e-02 0.7
1e-02 1e-02 0.9
