0.001 0.001 0.001
0.001 0.001 9.999999999999999e-05
0.001 0.001 9.999999999999999e-06
0.001 0.001 1e-06
0.001 0.001 1e-07
0.001 0.001 1e-08
0.001 9.999999999999999e-05 0.001
0.001 9.999999999999999e-05 9.999999999999999e-05
0.001 9.999999999999999e-05 9.999999999999999e-06
0.001 9.999999999999999e-05 1e-06
0.001 9.999999999999999e-05 1e-07
0.001 9.999999999999999e-05 1e-08
0.001 9.999999999999999e-06 0.001
0.001 9.999999999999999e-06 9.999999999999999e-05
0.001 9.999999999999999e-06 9.999999999999999e-06
0.001 9.999999999999999e-06 1e-06
0.001 9.999999999999999e-06 1e-07
0.001 9.999999999999999e-06 1e-08
0.001 1e-06 0.001
0.001 1e-06 9.999999999999999e-05
0.001 1e-06 9.999999999999999e-06
0.001 1e-06 1e-06
0.001 1e-06 1e-07
0.001 1e-06 1e-08
0.001 1e-07 0.001
0.001 1e-07 9.999999999999999e-05
0.001 1e-07 9.999999999999999e-06
0.001 1e-07 1e-06
0.001 1e-07 1e-07
0.001 1e-07 1e-08
0.001 1e-08 0.001
0.001 1e-08 9.999999999999999e-05
0.001 1e-08 9.999999999999999e-06
0.001 1e-08 1e-06
0.001 1e-08 1e-07
0.001 1e-08 1e-08
9.999999999999999e-05 0.001 0.001
9.999999999999999e-05 0.001 9.999999999999999e-05
9.999999999999999e-05 0.001 9.999999999999999e-06
9.999999999999999e-05 0.001 1e-06
9.999999999999999e-05 0.001 1e-07
9.999999999999999e-05 0.001 1e-08
9.999999999999999e-05 9.999999999999999e-05 0.001
9.999999999999999e-05 9.999999999999999e-05 9.999999999999999e-05
9.999999999999999e-05 9.999999999999999e-05 9.999999999999999e-06
9.999999999999999e-05 9.999999999999999e-05 1e-06
9.999999999999999e-05 9.999999999999999e-05 1e-07
9.999999999999999e-05 9.999999999999999e-05 1e-08
9.999999999999999e-05 9.999999999999999e-06 0.001
9.999999999999999e-05 9.999999999999999e-06 9.999999999999999e-05
9.999999999999999e-05 9.999999999999999e-06 9.999999999999999e-06
9.999999999999999e-05 9.999999999999999e-06 1e-06
9.999999999999999e-05 9.999999999999999e-06 1e-07
9.999999999999999e-05 9.999999999999999e-06 1e-08
9.999999999999999e-05 1e-06 0.001
9.999999999999999e-05 1e-06 9.999999999999999e-05
9.999999999999999e-05 1e-06 9.999999999999999e-06
9.999999999999999e-05 1e-06 1e-06
9.999999999999999e-05 1e-06 1e-07
9.999999999999999e-05 1e-06 1e-08
9.999999999999999e-05 1e-07 0.001
9.999999999999999e-05 1e-07 9.999999999999999e-05
9.999999999999999e-05 1e-07 9.999999999999999e-06
9.999999999999999e-05 1e-07 1e-06
9.999999999999999e-05 1e-07 1e-07
9.999999999999999e-05 1e-07 1e-08
9.999999999999999e-05 1e-08 0.001
9.999999999999999e-05 1e-08 9.999999999999999e-05
9.999999999999999e-05 1e-08 9.999999999999999e-06
9.999999999999999e-05 1e-08 1e-06
9.999999999999999e-05 1e-08 1e-07
9.999999999999999e-05 1e-08 1e-08
9.999999999999999e-06 0.001 0.001
9.999999999999999e-06 0.001 9.999999999999999e-05
9.999999999999999e-06 0.001 9.999999999999999e-06
9.999999999999999e-06 0.001 1e-06
9.999999999999999e-06 0.001 1e-07
9.999999999999999e-06 0.001 1e-08
9.999999999999999e-06 9.999999999999999e-05 0.001
9.999999999999999e-06 9.999999999999999e-05 9.999999999999999e-05
9.999999999999999e-06 9.999999999999999e-05 9.999999999999999e-06
9.999999999999999e-06 9.999999999999999e-05 1e-06
9.999999999999999e-06 9.999999999999999e-05 1e-07
9.999999999999999e-06 9.999999999999999e-05 1e-08
9.999999999999999e-06 9.999999999999999e-06 0.001
9.999999999999999e-06 9.999999999999999e-06 9.999999999999999e-05
9.999999999999999e-06 9.999999999999999e-06 9.999999999999999e-06
9.999999999999999e-06 9.999999999999999e-06 1e-06
9.999999999999999e-06 9.999999999999999e-06 1e-07
9.999999999999999e-06 9.999999999999999e-06 1e-08
9.999999999999999e-06 1e-06 0.001
9.999999999999999e-06 1e-06 9.999999999999999e-05
9.999999999999999e-06 1e-06 9.999999999999999e-06
9.999999999999999e-06 1e-06 1e-06
9.999999999999999e-06 1e-06 1e-07
9.999999999999999e-06 1e-06 1e-08
9.999999999999999e-06 1e-07 0.001
9.999999999999999e-06 1e-07 9.999999999999999e-05
9.999999999999999e-06 1e-07 9.999999999999999e-06
9.999999999999999e-06 1e-07 1e-06
9.999999999999999e-06 1e-07 1e-07
9.999999999999999e-06 1e-07 1e-08
9.999999999999999e-06 1e-08 0.001
9.999999999999999e-06 1e-08 9.999999999999999e-05
9.999999999999999e-06 1e-08 9.999999999999999e-06
9.999999999999999e-06 1e-08 1e-06
9.999999999999999e-06 1e-08 1e-07
9.999999999999999e-06 1e-08 1e-08
1e-06 0.001 0.001
1e-06 0.001 9.999999999999999e-05
1e-06 0.001 9.999999999999999e-06
1e-06 0.001 1e-06
1e-06 0.001 1e-07
1e-06 0.001 1e-08
1e-06 9.999999999999999e-05 0.001
1e-06 9.999999999999999e-05 9.999999999999999e-05
1e-06 9.999999999999999e-05 9.999999999999999e-06
1e-06 9.999999999999999e-05 1e-06
1e-06 9.999999999999999e-05 1e-07
1e-06 9.999999999999999e-05 1e-08
1e-06 9.999999999999999e-06 0.001
1e-06 9.999999999999999e-06 9.999999999999999e-05
1e-06 9.999999999999999e-06 9.999999999999999e-06
1e-06 9.999999999999999e-06 1e-06
1e-06 9.999999999999999e-06 1e-07
1e-06 9.999999999999999e-06 1e-08
1e-06 1e-06 0.001
1e-06 1e-06 9.999999999999999e-05
1e-06 1e-06 9.999999999999999e-06
1e-06 1e-06 1e-06
1e-06 1e-06 1e-07
1e-06 1e-06 1e-08
1e-06 1e-07 0.001
1e-06 1e-07 9.999999999999999e-05
1e-06 1e-07 9.999999999999999e-06
1e-06 1e-07 1e-06
1e-06 1e-07 1e-07
1e-06 1e-07 1e-08
1e-06 1e-08 0.001
1e-06 1e-08 9.999999999999999e-05
1e-06 1e-08 9.999999999999999e-06
1e-06 1e-08 1e-06
1e-06 1e-08 1e-07
1e-06 1e-08 1e-08
1e-07 0.001 0.001
1e-07 0.001 9.999999999999999e-05
1e-07 0.001 9.999999999999999e-06
1e-07 0.001 1e-06
1e-07 0.001 1e-07
1e-07 0.001 1e-08
1e-07 9.999999999999999e-05 0.001
1e-07 9.999999999999999e-05 9.999999999999999e-05
1e-07 9.999999999999999e-05 9.999999999999999e-06
1e-07 9.999999999999999e-05 1e-06
1e-07 9.999999999999999e-05 1e-07
1e-07 9.999999999999999e-05 1e-08
1e-07 9.999999999999999e-06 0.001
1e-07 9.999999999999999e-06 9.999999999999999e-05
1e-07 9.999999999999999e-06 9.999999999999999e-06
1e-07 9.999999999999999e-06 1e-06
1e-07 9.999999999999999e-06 1e-07
1e-07 9.999999999999999e-06 1e-08
1e-07 1e-06 0.001
1e-07 1e-06 9.999999999999999e-05
1e-07 1e-06 9.999999999999999e-06
1e-07 1e-06 1e-06
1e-07 1e-06 1e-07
1e-07 1e-06 1e-08
1e-07 1e-07 0.001
1e-07 1e-07 9.999999999999999e-05
1e-07 1e-07 9.999999999999999e-06
1e-07 1e-07 1e-06
1e-07 1e-07 1e-07
1e-07 1e-07 1e-08
1e-07 1e-08 0.001
1e-07 1e-08 9.999999999999999e-05
1e-07 1e-08 9.999999999999999e-06
1e-07 1e-08 1e-06
1e-07 1e-08 1e-07
1e-07 1e-08 1e-08
1e-08 0.001 0.001
1e-08 0.001 9.999999999999999e-05
1e-08 0.001 9.999999999999999e-06
1e-08 0.001 1e-06
1e-08 0.001 1e-07
1e-08 0.001 1e-08
1e-08 9.999999999999999e-05 0.001
1e-08 9.999999999999999e-05 9.999999999999999e-05
1e-08 9.999999999999999e-05 9.999999999999999e-06
1e-08 9.999999999999999e-05 1e-06
1e-08 9.999999999999999e-05 1e-07
1e-08 9.999999999999999e-05 1e-08
1e-08 9.999999999999999e-06 0.001
1e-08 9.999999999999999e-06 9.999999999999999e-05
1e-08 9.999999999999999e-06 9.999999999999999e-06
1e-08 9.999999999999999e-06 1e-06
1e-08 9.999999999999999e-06 1e-07
1e-08 9.999999999999999e-06 1e-08
1e-08 1e-06 0.001
1e-08 1e-06 9.999999999999999e-05
1e-08 1e-06 9.999999999999999e-06
1e-08 1e-06 1e-06
1e-08 1e-06 1e-07
1e-08 1e-06 1e-08
1e-08 1e-07 0.001
1e-08 1e-07 9.999999999999999e-05
1e-08 1e-07 9.999999999999999e-06
1e-08 1e-07 1e-06
1e-08 1e-07 1e-07
1e-08 1e-07 1e-08
1e-08 1e-08 0.001
1e-08 1e-08 9.999999999999999e-05
1e-08 1e-08 9.999999999999999e-06
1e-08 1e-08 1e-06
1e-08 1e-08 1e-07
1e-08 1e-08 1e-08
